camera_matrix:
- - 1430.2659973893662
  - 0.0
  - 586.4780409865311
- - 0.0
  - 1433.5737314007943
  - 392.45076804533505
- - 0.0
  - 0.0
  - 1.0
dist_coeff:
- - -0.032882818731788374
  - 2.0321961245952562
  - 0.007439810541544931
  - -0.01661619467126045
  - -8.849345012303104
